00000000	8c000034
00000004	8c010000
00000008	8c020004
0000000c	8c030008
00000010	8c04000c
00000014	8c0b0030
00000018	8c0c0034
0000001c	8c0d0038
00000020	ac03003c
00000024	00000000
00000028	8c150040
0000002c	8c160044
00000030	8c170048
00000034	8c180050
00000038	8c19003c
0000003c	00000000
00000040	00000000
00000044	00000000
00000048	016d7024
0000004c	018d7825
00000050	01638022
00000054	00438826
00000058	3c120731
0000005c	29f3001f
00000060	29f40020
00000064	205a000a
00000068	00000000
0000006c	11c30009
00000070	00000000
00000074	00000000
00000078	00000000
0000007c	00000000
00000080	08000077
00000084	00000000
00000088	00000000
0000008c	00000000
00000090	00000000
00000094	11f50009
00000098	00000000
0000009c	00000000
000000a0	00000000
000000a4	00000000
000000a8	08000077
000000ac	00000000
000000b0	00000000
000000b4	00000000
000000b8	00000000
000000bc	12160009
000000c0	00000000
000000c4	00000000
000000c8	00000000
000000cc	00000000
000000d0	08000077
000000d4	00000000
000000d8	00000000
000000dc	00000000
000000e0	00000000
000000e4	12370009
000000e8	00000000
000000ec	00000000
000000f0	00000000
000000f4	00000000
000000f8	08000077
000000fc	00000000
00000100	00000000
00000104	00000000
00000108	00000000
0000010c	12580009
00000110	00000000
00000114	00000000
00000118	00000000
0000011c	00000000
00000120	08000077
00000124	00000000
00000128	00000000
0000012c	00000000
00000130	00000000
00000134	12600009
00000138	00000000
0000013c	00000000
00000140	00000000
00000144	00000000
00000148	08000077
0000014c	00000000
00000150	00000000
00000154	00000000
00000158	00000000
0000015c	12810009
00000160	00000000
00000164	00000000
00000168	00000000
0000016c	00000000
00000170	08000077
00000174	00000000
00000178	00000000
0000017c	00000000
00000180	00000000
00000184	13230009
00000188	00000000
0000018c	00000000
00000190	00000000
00000194	00000000
00000198	08000077
0000019c	00000000
000001a0	00000000
000001a4	00000000
000001a8	00000000
000001ac	13440006
000001b0	00000000
000001b4	00000000
000001b8	00000000
000001bc	00000000
000001c0	08000077
000001c4	00000000
000001c8	08000079
000001cc	00000000
000001d0	00000000
000001d4	00000000
000001d8	00000000
000001dc	00000000
000001e0	00000000
000001e4	00000000
